028400090896
3112421
028400040037
028400040037
028400040037
028400040037
028400040129
028400040129
028400040129
1020466040180
028400040129
028400040037
028400040037
028400040037
02844824
6070300040031
028400040129
028400040037
028400040129
028400040037
028400040037
028400040037
028400040037
028400040037
028400040037
028400040129
759313892047
858369006214
028400040044
028400040037
02847146
028400040037
028400040037
028400040129
759313892047
028400040129
028400040037
759313892047
028400040037
028400040037
028400040037
028400040037
028400040037
028400040037
02844114
028400040037
028400040037
028400040037
028400040037
